Offices
1
673 328
753 328
753 428
733 428
733 408
713 428
673 428
673 328
number 101
2
753 328
839 328
839 428
818 428
818 408
797 428
753 428
753 328
number 102
3
1218 328
1298 328
1298 428
1278 428
1278 408
1258 428
1218 428
1218 328
number 103
4
1138 328
1218 328
1218 428
1198 428
1198 408
1178 428
1138 428
1138 328
number 104
5
1058 328
1138 328
1138 428
1118 428
1118 408
1098 428
1058 428
1058 328
number 105
6
753 812
673 812
673 712
693 712
693 732
713 712
753 712
753 812
number 106
7
833 812
753 812
753 712
773 712
773 732
793 712
833 712
833 812
number 107
8
927 812
833 812
833 712
853 712
853 732
873 712
927 712
927 812
number 108
9
1298 722
1298 812
1198 812
1198 792
1218 792
1198 772
1198 722
1298 722
number 109
10
1298 642
1298 722
1198 722
1198 702
1218 702
1198 682
1198 642
1298 642
number 110
11
1298 562
1298 642
1198 642
1198 622
1218 622
1198 602
1198 562
1298 562
number 111
12
1007 812
927 812
927 712
947 712
947 732
967 712
1007 712
1007 812
number 112
Printers
1 781 372 740 210 images/printers/HP-LJ-MFP-725.png HP LJ MFP 725
2 1163 374 1197 200 images/printers/HP-LJ-MFP-725.png HP LJ MFP 725
3 960 757 877 567 images/printers/HP-LJ-MFP-725.png HP LJ MFP 725
Stairs
Doors
1 876 445 0
Floor
0 673 328
1 673 812
2 1298 812
3 1298 328
4 903 328
5 903 532
6 673 532
7 673 328
8 903 328
